image_size:
- 1280
- 720
K:
- - 499.02797290065456
  - 0.0
  - 613.8087796723618
- - 0.0
  - 499.96543095278423
  - 359.0048285951768
- - 0.0
  - 0.0
  - 1.0
dist:
- 0.00688543994084925
- -0.053855140790148436
- 0.0001733750938858609
- -0.00023386023937560786
- 0.01216530732603965
fx: 499.02797290065456
fy: 499.96543095278423
cx: 613.8087796723618
cy: 359.0048285951768
rms: 0.3241311133926318
mean_reproj_error: 0.32413094267506976
